1 10000 00000 00001 00000 00000 000100	64	ADD	R1, R0, #4
0 00000 00000 00000 00000 00000 000000	68	NOP
1 10000 00000 00010 00000 00000 000001	72	ADD	R2, R0, #1
0 00000 00010 00001 00100 00000 100000	76	ADD	R4, R2, R1
0 00000 00100 00010 00101 00000 100000	80	ADD	R5, R4, R2
0 00000 00010 00101 00110 00000 100000	84	ADD	R6, R2, R5
0 00000 00010 00110 00111 00000 100000	88	ADD	R7, R2, R6
0 00000 00001 00101 00001 00000 100000	92	ADD	R1, R1, R5
1 01011 00000 00001 00000 00011 111100	96	SW	R1, 252(R0)
1 00011 00000 00001 00000 00011 111100	100	LW	R1, 252(R0)
0 00001 00001 00000 00000 00000 001101	104	BLTZ	R1, #52
0 00000 00000 00001 01010 00010 000000	108	SLL	R10, R1, #2
1 00011 01010 00101 00000 00010 111100	112	LW	R5, 188(R10)
1 00011 01010 00100 00000 00010 111000	116	LW	R4, 184(R10)
1 00011 01010 00011 00000 00010 110100	120	LW	R3, 180(R10)
0 00000 00000 00001 01011 00010 000010	124	SRL	R11, R1, #2
0 00111 01011 00000 00000 00000 000010	128	BGTZ	R11, #8
0 00000 00101 00011 00110 00000 100000	132	ADD	R6, R5, R3
0 00010 00000 00000 00000 00000 100011	136	J	#140
0 00000 00100 00011 00110 00000 100000	140	ADD	R6, R4, R3
1 01011 01010 00110 00000 00010 110000	144	SW	R6, 176(R10)
0 00000 00001 00010 00001 00000 100010	148	SUB	R1, R1, R2
1 01011 00000 00001 00000 00011 111100	152	SW	R1, 252(R0)
0 00010 00000 00000 00000 00000 011000	156	J	#96
1 10000 00000 00001 00000 00000 000100	160	ADD	R1, R0, #4
0 00000 00000 00000 00000 00000 001101	164	BREAK
00000000000000000000000000000000	168	0
11111111111111111111111111111111	172	-1
00000000000000000000000000000000	176	0
00000000000000000000000000000001	180	1
00000000000000000000000000000010	184	2
00000000000000000000000000000001	188	1
00000000000000000000000000000001	192	1
00000000000000000000000000000000	196	0
00000000000000000000000000000101	200	5
11111111111111111111111111111011	204	-5
00000000000000000000000000000110	208	6
00000000000000000000000000000001	212	1
00000000000000000000000000000001	216	1
00000000000000000000000000000001	220	1
00000000000000000000000000000001	224	1
00000000000000000000000000000001	228	1
00000000000000000000000000000001	232	1
00000000000000000000000000000001	236	1
00000000000000000000000000000001	240	1
00000000000000000000000000000001	244	1
00000000000000000000000000000001	248	1
00000000000000000000000000000001	252	1
00000000000000000000000000000001	256	1
00000000000000000000000000000000	260	0